21
10    0 0    0 1    0 2    0 3    0 4    1 0    1 1    1 2    1 3    1 4
7     0 6    0 7    0 8    0 9    1 7    1 8    1 9
4     4 4    4 5    5 4    5 5
5     3 9    3 10   4 9    4 10   4 11
14    9 3    9 4    9 5    10 3   10 4   10 5   11 3   11 4   11 5   12 3   12 4   12 5   13 4   13 5
4     10 10  10 11  11 10  11 11
10    0 10   0 11   0 12   0 13   0 14   1 10   1 11   1 12   1 13   1 14
7     3 0    3 1    4 0    4 1    5 0    5 1    6 0
4     2 4    2 5    3 4    3 5
4     3 7    3 8    4 7    4 8
7     3 11   3 12   3 13   3 14   4 12   4 13   4 14
4     6 3    6 4    7 3    7 4
10    5 10   5 11   6 10   6 11   7 10   7 11   8 10   8 11   9 10   9 11
10    13 0   13 1   13 2   13 3   14 0   14 1   14 2   14 3   14 4   14 5
14    9 7    9 8    10 7   10 8   11 7   11 8   12 7   12 8   13 7   13 8   13 9   14 7   14 8   14 9
8     11 13  11 14  12 13  12 14  13 13  13 14  14 13  14 14
4     2 3    3 3    4 3    5 3
10    6 5    6 6    6 7    6 8    7 5    7 6    7 7    7 8    8 7    8 8
10    6 13   6 14   7 13   7 14   8 13   8 14   9 13   9 14   10 13  10 14
8     8 0    8 1    9 0    9 1    10 0   10 1   11 0   11 1
6     13 10  13 11  13 12  14 10  14 11  14 12
